
Inital 15 X 15 Matrix:
103	198	105	115	81	255	74	236	41	205	186	171	242	251	227	
70	124	194	84	248	27	232	231	141	118	90	46	99	51	159	
201	154	102	50	13	183	49	88	163	90	37	93	5	23	88	
233	94	212	171	178	205	198	155	180	84	17	14	130	116	65	
33	61	220	135	112	233	62	161	65	225	252	103	62	1	126	
151	234	220	107	150	143	56	92	42	236	176	59	251	50	175	
60	84	236	24	219	92	2	26	254	67	251	250	170	58	251	
41	209	230	5	60	124	148	117	216	190	97	137	249	92	187	
168	153	15	149	177	235	241	179	5	239	247	0	233	161	58	
229	202	11	203	208	72	71	100	189	31	35	30	168	28	123	
100	197	20	115	90	197	94	75	121	99	59	112	100	36	17	
158	9	220	170	212	172	242	27	16	175	59	51	205	227	80	
72	71	21	92	187	111	34	25	186	155	125	245	11	225	26	
28	127	35	248	41	248	164	27	19	181	202	78	232	152	50	
56	224	121	77	61	52	188	95	78	119	250	203	108	5	172	


ScatterV send_counts[0-3] and displs[0-3]:
sendcounts[0] = 90
sendcounts[1] = 75
sendcounts[2] = 75
sendcounts[3] = 75
displs[0] = 0
displs[1] = 60
displs[2] = 105
displs[3] = 150

Rank 0 recv buff:
103	198	105	115	81	255	74	236	41	205	186	171	242	251	227	
70	124	194	84	248	27	232	231	141	118	90	46	99	51	159	
201	154	102	50	13	183	49	88	163	90	37	93	5	23	88	
233	94	212	171	178	205	198	155	180	84	17	14	130	116	65	
33	61	220	135	112	233	62	161	65	225	252	103	62	1	126	
151	234	220	107	150	143	56	92	42	236	176	59	251	50	175	

Rank 1 recv buff:
33	61	220	135	112	233	62	161	65	225	252	103	62	1	126	
151	234	220	107	150	143	56	92	42	236	176	59	251	50	175	
60	84	236	24	219	92	2	26	254	67	251	250	170	58	251	
41	209	230	5	60	124	148	117	216	190	97	137	249	92	187	
168	153	15	149	177	235	241	179	5	239	247	0	233	161	58	

Updated values for rank 1
151	153	154	153	136	121	92	85	121	180	179	163	125	119	175	
60	154	158	127	114	108	80	97	149	159	171	189	148	154	251	
41	140	133	112	114	142	131	130	150	175	157	177	159	155	187	


Rank 3 recv buff:
100	197	20	115	90	197	94	75	121	99	59	112	100	36	17	
158	9	220	170	212	172	242	27	16	175	59	51	205	227	80	
72	71	21	92	187	111	34	25	186	155	125	245	11	225	26	
28	127	35	248	41	248	164	27	19	181	202	78	232	152	50	
56	224	121	77	61	52	188	95	78	119	250	203	108	5	172	

Updated values for rank 3
158	87	113	129	155	151	121	84	89	117	113	101	141	115	80	
72	81	101	131	166	152	108	76	99	127	139	145	143	143	26	
28	88	105	113	115	133	110	84	90	149	176	153	149	113	50	


Updated values for rank 0
70	137	132	107	130	118	160	148	145	118	112	101	108	119	159	
201	153	128	130	117	151	141	152	141	101	62	62	58	75	88	
233	140	141	136	145	143	153	127	139	119	93	72	67	73	65	
33	151	167	164	154	157	136	117	130	150	141	116	84	97	126	


Rank 2 recv buff:
41	209	230	5	60	124	148	117	216	190	97	137	249	92	187	
168	153	15	149	177	235	241	179	5	239	247	0	233	161	58	
229	202	11	203	208	72	71	100	189	31	35	30	168	28	123	
100	197	20	115	90	197	94	75	121	99	59	112	100	36	17	
158	9	220	170	212	172	242	27	16	175	59	51	205	227	80	

Updated values for rank 2
168	141	119	120	141	157	152	144	127	148	125	119	133	146	58	
229	129	107	119	165	145	133	117	122	105	88	101	103	95	123	
100	134	116	136	152	155	114	101	95	88	71	93	105	102	17	


GatherV send_counts[0-3] and displs[0-3]:
sendcounts[0] = 60
sendcounts[1] = 45
sendcounts[2] = 45
sendcounts[3] = 45
displs[0] = 15
displs[1] = 75
displs[2] = 120
displs[3] = 165

Updated Data Matrix
103	198	105	115	81	255	74	236	41	205	186	171	242	251	227	
70	137	132	107	130	118	160	148	145	118	112	101	108	119	159	
201	153	128	130	117	151	141	152	141	101	62	62	58	75	88	
233	140	141	136	145	143	153	127	139	119	93	72	67	73	65	
33	151	167	164	154	157	136	117	130	150	141	116	84	97	126	
151	153	154	153	136	121	92	85	121	180	179	163	125	119	175	
60	154	158	127	114	108	80	97	149	159	171	189	148	154	251	
41	140	133	112	114	142	131	130	150	175	157	177	159	155	187	
168	141	119	120	141	157	152	144	127	148	125	119	133	146	58	
229	129	107	119	165	145	133	117	122	105	88	101	103	95	123	
100	134	116	136	152	155	114	101	95	88	71	93	105	102	17	
158	87	113	129	155	151	121	84	89	117	113	101	141	115	80	
72	81	101	131	166	152	108	76	99	127	139	145	143	143	26	
28	88	105	113	115	133	110	84	90	149	176	153	149	113	50	
56	224	121	77	61	52	188	95	78	119	250	203	108	5	172	

Total time taken: 0.299776 seconds
